SPY,AMZN
250.179993,1539.130005
244.210007,1500.280029
252.389999,1575.390015
254.380005,1629.51001
256.769989,1656.579956
257.970001,1659.420044
258.880005,1656.219971
258.980011,1640.560059
257.399994,1617.209961
260.350006,1674.560059
260.980011,1683.780029
262.959991,1693.219971
266.459991,1696.199951
262.859985,1632.170044
263.410004,1640.02002
263.549988,1654.930054
265.779999,1670.569946
263.76001,1637.890015
263.410004,1593.880005
267.579987,1670.430054
269.929993,1718.72998
270.059998,1626.22998
271.959991,1633.310059
273.100006,1658.810059
272.73999,1640.26001
270.140015,1614.369995
270.470001,1588.219971
270.619995,1591
274.100006,1638.01001
274.98999,1640
274.380005,1622.650024
277.369995,1607.949951
277.850006,1627.579956
278.410004,1622.099976
277.420013,1619.439941
279.140015,1631.560059
279.519989,1633
279.320007,1636.400024
279.200012,1641.089966
278.679993,1639.829956
280.420013,1671.72998
279.399994,1696.170044
279.019989,1692.430054
277.329987,1668.949951
275.01001,1625.949951
274.459991,1620.800049
278.440002,1670.619995
279.48999,1673.099976
281.339996,1690.810059
281.160004,1686.219971
281.309998,1712.359985
282.329987,1742.150024
282.399994,1761.849976
281.549988,1797.27002
284.730011,1819.26001
279.25,1764.77002
279.040009,1774.26001
281.119995,1783.76001
279.649994,1765.699951
280.709991,1773.420044
282.480011,1780.75
285.829987,1814.189941
285.970001,1813.97998
286.420013,1820.699951
287.179993,1818.859985
288.570007,1837.280029
288.790009,1849.859985
287.309998,1835.839966
288.290009,1847.329956
288.209991,1844.069946
290.160004,1843.060059
289.970001,1844.869995
290.160004,1863.040039
289.450012,1864.819946
290.019989,1861.689941
290.269989,1887.310059
292.880005,1923.77002
292.230011,1901.75
292.049988,1902.25
293.410004,1950.630005
293.869995,1938.430054
294.019989,1926.52002
291.809998,1911.52002
291.179993,1900.819946
294.029999,1962.459961
292.820007,1950.550049
287.929993,1921
287.529999,1917.77002
286.660004,1899.869995
288.100006,1889.97998
280.859985,1822.680054
283.399994,1840.119995
285.059998,1871.150024
287.700012,1907.569946
285.839996,1869
283.950012,1858.969971
286.51001,1857.52002
285.630005,1859.680054
282.140015,1815.47998
282.779999,1823.280029
280.149994,1836.430054
278.269989,1819.189941
279.029999,1816.319946
275.269989,1775.069946
274.570007,1692.689941
280.529999,1729.560059
282.959991,1738.5
284.799988,1754.359985
287.649994,1804.030029
288.970001,1860.630005
288.899994,1863.699951
288.390015,1855.319946
289.579987,1870.300049
289.26001,1869.670044
289.369995,1886.030029
292.399994,1901.369995
293.059998,1908.790039
295.859985,1918.189941
294,1911.300049
293.640015,1913.900024
290.76001,1878.27002
290.470001,1897.829956
291.5,1904.280029
293,1893.630005
295.660004,1922.189941
296.429993,1934.310059
298.799988,1939
298.459991,1942.910034
296.820007,1952.319946
297.190002,1988.300049
298.609985,2017.410034
299.309998,2001.069946
300.649994,2011
300.75,2020.98999
299.779999,2009.900024
297.73999,1992.030029
298.829987,1977.900024
297.170013,1964.52002
297.899994,1985.630005
300.029999,1994.48999
301.440002,2000.810059
300,1973.819946
302.01001,1943.050049
301.459991,1912.449951
300.720001,1898.530029
297.429993,1866.780029
294.839996,1855.319946
292.619995,1823.23999
283.820007,1765.130005
287.799988,1787.829956
287.970001,1793.400024
293.619995,1832.890015
291.619995,1807.579956
288.070007,1784.920044
292.549988,1824.339966
283.899994,1762.959961
284.649994,1776.119995
288.850006,1792.569946
292.329987,1816.119995
290.089996,1801.380005
292.450012,1823.540039
292.359985,1804.660034
284.850006,1749.619995
288,1768.869995
286.869995,1761.829956
288.890015,1764.25
292.579987,1786.400024
292.450012,1776.290039
290.73999,1789.839966
294.040009,1800.619995
297.820007,1840.719971
298.049988,1833.51001
298.200012,1831.349976
298.130005,1820.550049
300.25,1822.98999
301.290009,1843.550049
301.089996,1839.339966
300.160004,1807.839966
300.920013,1822.550049
301.100006,1817.459961
301.079987,1821.5
298.279999,1794.160034
298.209991,1785.300049
295.869995,1741.609985
297.619995,1768.329956
297,1739.839966
295.399994,1725.449951
296.769989,1735.910034
293.23999,1735.650024
288.059998,1713.22998
290.420013,1724.420044
294.350006,1739.650024
293.079987,1732.660034
288.529999,1705.51001
291.269989,1721.98999
293.23999,1720.26001
296.279999,1731.920044
295.950012,1736.430054
298.880005,1767.380005
298.399994,1777.430054
299.279999,1787.47998
297.970001,1757.51001
299.98999,1785.660034
299.01001,1765.72998
299.880005,1762.170044
300.369995,1780.780029
301.600006,1761.329956
303.299988,1777.079956
303.209991,1762.709961
304.140015,1779.98999
303.329987,1776.660034
306.140015,1791.439941
307.369995,1804.660034
307.029999,1801.709961
307.100006,1795.77002
308.179993,1788.199951
308.940002,1785.880005
308.350006,1771.650024
309,1778
309.100006,1753.109985
309.549988,1754.599976
311.790009,1739.48999
312.019989,1752.530029
311.929993,1752.790039
310.769989,1745.530029
310.269989,1734.709961
310.959991,1745.719971
313.369995,1773.839966
314.079987,1796.939941
315.480011,1818.51001
314.309998,1800.800049
311.640015,1781.599976
309.549988,1769.959961
311.459991,1760.689941
312.019989,1740.47998
314.869995,1751.599976
313.880005,1749.51001
313.529999,1739.209961
314.420013,1748.719971
317.130005,1760.329956
317.320007,1760.939941
319.5,1769.209961
319.570007,1790.660034
319.589996,1784.030029
320.899994,1792.280029
320.730011,1786.5
321.220001,1793
321.230011,1789.209961
322.940002,1868.77002
322.859985,1869.800049
321.079987,1846.890015
321.859985,1847.839966
